# transform file transforms/talairach.lta
# created by uchidawataru on Mon Oct  9 16:09:17 2023

type      = 0 # LINEAR_VOX_TO_VOX
nxforms   = 1
mean      = 127.0000 120.0000 114.0000
sigma     = 10000.0000
1 4 4
9.993914961814880e-01 5.139884352684021e-02 4.623102396726608e-02 -1.260759449005127e+01 
-4.760706797242165e-02 1.146854877471924e+00 2.801328301429749e-01 -3.244500350952148e+01 
-3.036634810268879e-02 -3.179100751876831e-01 9.739043712615967e-01 4.019906616210938e+01 
0.000000000000000e+00 0.000000000000000e+00 0.000000000000000e+00 1.000000000000000e+00 
src volume info
valid = 1  # volume info valid
filename = nu.mgz
volume = 256 256 256
voxelsize = 1.000000000000000e+00 1.000000000000000e+00 1.000000000000000e+00
xras   = -1.000000000000000e+00 4.456524038687348e-10 0.000000000000000e+00
yras   = 3.725290298461914e-09 -5.820766091346741e-11 -1.000000000000000e+00
zras   = -1.375155989080667e-09 9.999999403953552e-01 -5.820766091346741e-11
cras   = 2.978736877441406e+00 1.655372619628906e+00 -2.659851074218750e+00
dst volume info
valid = 1  # volume info valid
filename = /Users/uchidawataru/bin/freesurfer/average/RB_all_2020-01-02.gca
volume = 256 256 256
voxelsize = 1.000000000000000e+00 1.000000000000000e+00 1.000000000000000e+00
xras   = -1.000000000000000e+00 0.000000000000000e+00 0.000000000000000e+00
yras   = 0.000000000000000e+00 0.000000000000000e+00 -1.000000000000000e+00
zras   = 0.000000000000000e+00 1.000000000000000e+00 0.000000000000000e+00
cras   = 0.000000000000000e+00 0.000000000000000e+00 0.000000000000000e+00
