type      = 0 # LINEAR_VOX_TO_VOX
nxforms   = 1
mean      = 0.0000 0.0000 0.0000
sigma     = 1.0000
1 4 4
1.074815988540649e+00 3.227399662137032e-02 3.529099747538567e-02 -1.793920898437500e+01 
-7.174599915742874e-02 1.263115048408508e+00 3.025449812412262e-01 -4.405541992187500e+01 
-3.912600129842758e-02 -2.868399918079376e-01 1.079865932464600e+00 2.450588226318359e+01 
0.000000000000000e+00 0.000000000000000e+00 0.000000000000000e+00 1.000000000000000e+00 
src volume info
valid = 1  # volume info valid
filename = /Users/uchidawataru/Juntendo/DrFujita/test/test/ID02_Discovery_scan/freesurfer/mri/orig.mgz
volume = 256 256 256
voxelsize = 1.000000000000000e+00 1.000000000000000e+00 1.000000000000000e+00
xras   = -1.000000000000000e+00 4.456524038687348e-10 0.000000000000000e+00
yras   = 3.725290298461914e-09 -5.820766091346741e-11 -1.000000000000000e+00
zras   = -1.375155989080667e-09 9.999999403953552e-01 -5.820766091346741e-11
cras   = 2.978736877441406e+00 1.655372619628906e+00 -2.659851074218750e+00
dst volume info
valid = 1  # volume info valid
filename = /Users/uchidawataru/bin/freesurfer/average/mni305.cor.mgz
volume = 256 256 256
voxelsize = 1.000000000000000e+00 1.000000000000000e+00 1.000000000000000e+00
xras   = -1.000000000000000e+00 0.000000000000000e+00 0.000000000000000e+00
yras   = 0.000000000000000e+00 0.000000000000000e+00 -1.000000000000000e+00
zras   = 0.000000000000000e+00 1.000000000000000e+00 0.000000000000000e+00
cras   = 0.000000000000000e+00 0.000000000000000e+00 0.000000000000000e+00
subject fsaverage
fscale 0.100000
