# transform file /Users/uchidawataru/Juntendo/DrFujita/test/test/ID01_Discovery_scan/freesurfer/mri/transforms/cc_up.lta
# created by uchidawataru on Mon Oct  9 18:57:08 2023

type      = 0 # LINEAR_VOX_TO_VOX
nxforms   = 1
mean      = 127.0000 120.0000 114.0000
sigma     = 10000.0000
1 4 4
9.986453652381897e-01 4.887245595455170e-02 1.785279996693134e-02 -7.506272792816162e+00 
-4.886464774608612e-02 9.988049864768982e-01 -8.735541487112641e-04 3.250841522216797e+01 
-1.787415891885757e-02 0.000000000000000e+00 9.998401403427124e-01 3.532093811035156e+01 
0.000000000000000e+00 0.000000000000000e+00 0.000000000000000e+00 1.000000000000000e+00 
src volume info
valid = 1  # volume info valid
filename = /Users/uchidawataru/Juntendo/DrFujita/test/test/ID01_Discovery_scan/freesurfer/mri/norm.mgz
volume = 256 256 256
voxelsize = 1.000000000000000e+00 1.000000000000000e+00 1.000000000000000e+00
xras   = -1.000000000000000e+00 4.456524038687348e-10 0.000000000000000e+00
yras   = 3.725290298461914e-09 -5.820766091346741e-11 -1.000000000000000e+00
zras   = -1.375155989080667e-09 9.999999403953552e-01 -5.820766091346741e-11
cras   = 2.978736877441406e+00 1.655372619628906e+00 -2.659851074218750e+00
dst volume info
valid = 1  # volume info valid
filename = /Users/uchidawataru/Juntendo/DrFujita/test/test/ID01_Discovery_scan/freesurfer/mri/norm.mgz
volume = 256 256 256
voxelsize = 1.000000000000000e+00 1.000000000000000e+00 1.000000000000000e+00
xras   = -1.000000000000000e+00 4.456524038687348e-10 0.000000000000000e+00
yras   = 3.725290298461914e-09 -5.820766091346741e-11 -1.000000000000000e+00
zras   = -1.375155989080667e-09 9.999999403953552e-01 -5.820766091346741e-11
cras   = 2.978736877441406e+00 1.655372619628906e+00 -2.659851074218750e+00
