# transform file transforms/talairach_with_skull.lta
# created by uchidawataru on Mon Oct  9 15:58:38 2023

type      = 0 # LINEAR_VOX_TO_VOX
nxforms   = 1
mean      = 128.0000 142.0000 127.0000
sigma     = 10000.0000
1 4 4
1.012158155441284e+00 6.693992763757706e-02 -5.918470211327076e-03 -1.107928657531738e+01 
-8.743757754564285e-02 1.321897387504578e+00 2.597886323928833e-01 -4.548771286010742e+01 
1.523059420287609e-02 -2.030842304229736e-01 1.110928773880005e+00 5.732606410980225e+00 
0.000000000000000e+00 0.000000000000000e+00 0.000000000000000e+00 1.000000000000000e+00 
src volume info
valid = 1  # volume info valid
filename = nu.mgz
volume = 256 256 256
voxelsize = 1.000000000000000e+00 1.000000000000000e+00 1.000000000000000e+00
xras   = -1.000000000000000e+00 4.456524038687348e-10 0.000000000000000e+00
yras   = 3.725290298461914e-09 -5.820766091346741e-11 -1.000000000000000e+00
zras   = -1.375155989080667e-09 9.999999403953552e-01 -5.820766091346741e-11
cras   = 2.978736877441406e+00 1.655372619628906e+00 -2.659851074218750e+00
dst volume info
valid = 1  # volume info valid
filename = /Users/uchidawataru/bin/freesurfer/average/RB_all_withskull_2020_01_02.gca
volume = 256 256 256
voxelsize = 1.000000000000000e+00 1.000000000000000e+00 1.000000000000000e+00
xras   = -1.000000000000000e+00 0.000000000000000e+00 0.000000000000000e+00
yras   = 0.000000000000000e+00 0.000000000000000e+00 -1.000000000000000e+00
zras   = 0.000000000000000e+00 1.000000000000000e+00 0.000000000000000e+00
cras   = 0.000000000000000e+00 0.000000000000000e+00 0.000000000000000e+00
