type      = 1 # LINEAR_RAS_TO_RAS
nxforms   = 1
mean      = 0.0000 0.0000 0.0000
sigma     = 1.0000
1 4 4
1.074815988540649e+00 -3.529100120067596e-02 3.227400034666061e-02 -3.342880010604858e+00 
3.912600129842758e-02 1.079866051673889e+00 2.868399918079376e-01 -8.136093139648438e+00 
-7.174599915742874e-02 -3.025450110435486e-01 1.263115048408508e+00 -1.509133911132812e+01 
0.000000000000000e+00 0.000000000000000e+00 0.000000000000000e+00 1.000000000000000e+00 
src volume info
valid = 1  # volume info valid
filename = /Users/uchidawataru/Juntendo/DrFujita/test/test/ID01_Discovery_scan/freesurfer/mri/orig_nu.mgz
volume = 256 256 256
voxelsize = 1.000000000000000e+00 1.000000000000000e+00 1.000000000000000e+00
xras   = -1.000000000000000e+00 4.456524038687348e-10 0.000000000000000e+00
yras   = 3.725290298461914e-09 -5.820766091346741e-11 -1.000000000000000e+00
zras   = -1.375155989080667e-09 9.999999403953552e-01 -5.820766091346741e-11
cras   = 2.978736877441406e+00 1.655372619628906e+00 -2.659851074218750e+00
dst volume info
valid = 1  # volume info valid
filename = /Users/uchidawataru/bin/freesurfer/average/mni305.cor.mgz
volume = 256 256 256
voxelsize = 1.000000000000000e+00 1.000000000000000e+00 1.000000000000000e+00
xras   = -1.000000000000000e+00 0.000000000000000e+00 0.000000000000000e+00
yras   = 0.000000000000000e+00 0.000000000000000e+00 -1.000000000000000e+00
zras   = 0.000000000000000e+00 1.000000000000000e+00 0.000000000000000e+00
cras   = 0.000000000000000e+00 0.000000000000000e+00 0.000000000000000e+00
subject fsaverage
fscale 0.100000
